k l

x* ’ ι, 1
Ι 'q ,9

1
1
1

,99’ 99999998

1999199919919999 μὴ 199119 991 9991199999 9199199999 99 ,

6 919 91919 99999999199999919999 9999999991919 9919
’ 'smum 6 1991199999 6656666 991999 11999 nam 1991
„666666666 919 91991 99991199 1999991199 9991919999.
11911 11999199911999 9999199 919 1991 991199, 1991119

. κ’, Ι. 991911991199919911 191 99ῑ9 919919 919999991999999 1191901
,ι 1999999999199 1),ξ1999 1199 91 9999199999, 99919 991 99- 1
09999991, 119 τε 11999 119 99 9919999999 119 99 1991919199,

919 1199199999 τῆς 91999 91991919. 99999919 919999 991919

’ '' A 9999199· 11911119 9999991999,919991999119999199199
1999911999’ 99919, 66} 119 lm 919199 99991, 991 991 m-

Ι’119999 19919999 91991 9999111999119111999 1119 **,)

’ 19 9919 999111199999 19919999 ¹* 99919 9919 91999, 9999991]
9199991919 1911999199999 9919 991199 919191999919991

· 991, 99991 9919 1119 1199 991 999999 1919, ἦ 9199199 wc·
, 9999199 1999 6636 19991 91199 1919999919 9919 19999919*
1999991999 1999199 Ἐὰν 1199 999 91919999 9919 999199
1 y ι’119119999,θνμ9311991999999911999 1999999119, 91999 199
= ' 99991919 91999199919119119· 1999191911919999999,991
, α’ 99991999 1919119999’9999 991’1 1199199119ωὲ 991 666-ss
, 991999 61676636 9999 9999199 1999991999199199999999199
’ , 1 ’ τῆς 19919 9199919999, 9999991191 99 911919 991 9919999199
91999999, 19999111 9911999 ***) 99999199911999 119999
1 991, 1919999 1991999,999991991999999991999999199,1999991
’ 119999199919999 606666'63 99991999, 99191 9919991199
, 91991919999119999 91999999 1999919991919199199919999,
91919999,199199, 9991999119 1999919999199991999991999,
1ξ9999ξ1119999919919999199 99) 19999199 1999991999 86
1919991999 ου’ 9919 111’91919191’19199999 1919
919 199919 99119999 9919191999σό 919999ρῆ999 19919999,
, ¹ 11191 999991 1991999119 1999999 991999 99999199999 19999199
1999999, 9 1119999991999 99919 199919 999119 991 9999999ρῆ999
’ 9111999199999 199919911199199999 919 19999199,1999
‘ 11 911’ 91999 91 9999199999 19919999, 622' 9199111999

ηι-*Ρ

1’) 99 11999999991991. **,,)99 9149999,
ΗΜ 9999 19. ·

 

